cp	max_depth	min_split	min_bucket	ganancia_promedio
-0.3	6	400	3	52464000
-0.3	4	800	1	50228000
-0.3	4	1000	50	52118000
-0.3	4	800	300	52158000
-0.3	4	1000	10	50820000
-0.3	6	400	1	52330000
-0.3	4	800	500	49726000
-0.3	4	1000	30	5.2e+07
-0.5	6	400	5	52376000
-0.5	4	800	5	50968000
-0.3	4	1000	500	49726000
-0.5	6	400	3	52464000
-0.5	4	800	3	50078000
-0.5	4	1000	50	52118000
-0.5	4	800	1	50228000
-0.5	6	400	1	52330000
-0.5	4	1000	10	50820000
-0.5	4	800	300	52158000
-0.5	4	1000	30	5.2e+07
-0.7	6	400	5	52376000
-0.5	4	800	500	49726000
-0.7	4	800	5	50968000
-0.7	6	400	3	52464000
-0.7	4	800	3	50078000
-0.7	6	400	1	52330000
-0.7	4	800	1	50228000
-0.3	6	200	5	52686000
-0.7	4	800	300	52158000
-0.7	4	800	500	49726000
-0.3	6	200	3	52586000
-0.3	4	600	5	51092000
-0.3	6	200	1	52252000
-0.3	4	600	3	50202000
-0.5	6	200	5	52686000
-0.3	4	600	1	50352000
-0.3	4	600	300	52158000
-0.5	6	200	3	52586000
-0.3	4	600	500	49726000
-0.5	6	200	1	52252000
-0.5	4	600	5	51092000
-0.7	6	200	5	52686000
-0.5	4	600	3	50202000
-0.7	6	200	3	52586000
-0.5	4	600	1	50352000
-0.5	4	600	300	52158000
-0.7	6	200	1	52252000
-0.5	4	600	500	49726000
-0.3	6	100	5	52222000
-0.7	4	600	5	51092000
-0.3	6	100	3	52168000
-0.7	4	600	3	50202000
-0.7	4	600	1	50352000
-0.3	6	100	1	51932000
-0.7	4	600	300	52158000
-0.5	6	100	5	52222000
-0.7	4	600	500	49726000
-0.5	6	100	3	52168000
-0.3	4	400	5	51092000
-0.3	4	400	3	50202000
-0.5	6	100	1	51932000
-0.3	4	400	1	50352000
-0.7	6	100	5	52222000
-0.3	4	400	300	52158000
-0.7	6	100	3	52168000
-0.3	4	400	500	49726000
-0.5	4	400	5	51092000
-0.7	6	100	1	51932000
-0.5	4	400	3	50202000
-0.3	8	1000	5	54360000
-0.5	4	400	1	50352000
-0.5	4	400	300	52158000
-0.3	8	1000	3	53840000
-0.5	4	400	500	49726000
-0.7	4	4000	5	53650000
092000
-0.7	4	400	3	50202000
-0.5	8	1000	5	54360000
-0.7	4	400	1	50352000
-0.7	4	400	300	52158000
-0.5	8	1000	3	53840000
-0.7	4	400	500	49726000
-0.5	8	1000	1	53650000
-0.3	4	200	5	51092000
-0.3	4	200	3	50202000
-0.7	8	1000	5	54360000
-0.3	4	200	1	50352000
-0.3	4	200	300	52158000
-0.7	8	1000	3	53840000
-0.3	4	200	500	49726000
-0.7	8	1000	1	53650000
-0.5	4	200	5	51092000
-0.5	4	200	3	50202000
-0.3	8	800	5	54486000
-0.5	4	200	1	50352000
-0.3	8	800	3	53966000
-0.5	4	200	300	52158000
-0.5	4	200	500	49726000
-0.3	8	800	1	53800000
-0.7	4	200	5	51092000
-0.7	4	200	3	50202000
-0.5	8	800	5	54486000
-0.7	4	200	1	50352000
-0.5	8	800	3	53966000
-0.7	4	200	300	52158000
-0.7	4	200	500	49726000
-0.5	8	800	1	53800000
-0.3	4	100	5	50896000
-0.3	4	100	3	50006000
-0.7	8	800	5	54486000
-0.3	4	100	1	50156000
-0.7	8	800	3	53966000
-0.3	4	100	300	52158000
-0.3	4	100	500	49726000
-0.7	8	800	1	53800000
-0.5	4	100	5	50896000
-0.3	8	600	5	54680000
-0.5	4	100	3	50006000
-0.5	4	100	1	50156000
-0.3	8	600	3	54220000
-0.5	4	100	300	52158000
-0.5	4	100	500	49726000
-0.3	8	600	1	53962000
-0.7	4	100	5	50896000
-0.5	8	600	5	54680000
-0.7	4	100	3	50006000
-0.7	4	100	1	50156000
-0.5	8	600	3	54220000
-0.7	4	100	300	52158000
-0.7	4	100	500	49726000
-0.5	8	600	1	53962000
-0.3	6	1000	5	52350000
-0.7	8	600	5	54680000
-0.3	6	1000	3	52362000
-0.7	8	600	3	54220000
-0.3	6	1000	1	52146000
-0.7	8	600	1	53962000
-0.3	6	1000	300	52310000
-0.3	8	400	5	53820000
-0.3	6	1000	500	50424000
-0.5	6	1000	5	52350000
-0.3	8	400	3	53592000
-0.5	6	1000	3	52362000
-0.3	8	400	1	53360000
-0.5	6	1000	1	52146000
-0.5	8	400	5	53820000
-0.5	6	1000	300	52310000
-0.5	8	400	3	53592000
-0.5	6	1000	500	50424000
-0.7	6	1000	5	52350000
-0.5	8	400	1	53360000
-0.7	6	1000	3	52362000
-0.7	8	400	5	53820000
-0.7	6	1000	1	52146000
-0.7	8	400	3	53592000
-0.7	6	1000	300	52310000
-0.7	8	400	1	53360000
-0.7	6	1000	500	50424000
-0.3	6	800	5	52488000
-0.3	8	200	5	54088000
-0.3	6	800	3	52362000
-0.3	8	200	3	53686000
-0.3	6	800	1	52146000
-0.3	8	200	1	53412000
-0.3	6	800	300	51546000
-0.5	8	200	5	54088000
-0.3	6	800	500	50424000
-0.5	8	200	3	53686000
-0.5	6	800	5	52488000
-0.5	6	800	3	52362000
-0.5	8	200	1	53412000
-0.5	6	800	1	52146000
-0.7	8	200	5	54088000
-0.5	6	800	300	51546000
-0.7	8	200	3	53686000
-0.5	6	800	500	50424000
-0.7	8	200	1	53412000
-0.7	6	800	5	52488000
-0.7	6	800	3	52362000
-0.3	8	100	5	53026000
-0.7	6	800	1	52146000
-0.3	8	100	3	53080000
-0.7	6	800	300	51546000
-0.3	8	100	1	52878000
-0.7	6	800	500	50424000
-0.5	8	100	5	53026000
-0.3	6	600	5	52570000
-0.3	6	600	3	52468000
-0.5	8	100	3	53080000
-0.3	6	600	1	52330000
-0.5	8	100	1	52878000
-0.3	6	600	300	51222000
-0.7	8	100	5	53026000
-0.3	6	600	500	50424000
-0.7	8	100	3	53080000
-0.5	6	600	5	52570000
-0.7	8	100	1	52878000
-0.5	6	600	3	52468000
-0.5	6	600	1	52330000
-0.3	10	1000	5	53826000
-0.5	6	600	300	51222000
-0.3	10	1000	3	54280000
-0.5	6	600	500	50424000
-0.7	6	600	5	52570000
-0.3	10	1000	1	52534000
-0.7	6	600	3	52468000
-0.5	10	1000	5	53826000
-0.7	6	600	1	52330000
-0.7	6	600	300	51222000
-0.5	10	1000	3	54280000
-0.7	6	600	500	50424000
-0.5	10	1000	1	52534000
-0.3	6	400	5	52376000
-0.7	10	1000	5	53826000
-0.3	6	400	3	52464000
-0.3	6	400	1	52330000
-0.7	10	1000	3	54280000
-0.3	6	400	300	51222000
-0.7	10	1000	1	52534000
-0.3	6	400	500	50424000
-0.5	6	400	5	52376000
-0.3	10	800	5	53470000
-0.5	6	400	3	52464000
-0.3	10	800	3	54160000
-0.5	6	400	1	52330000
-0.5	6	400	300	51222000
-0.3	10	800	1	52638000
-0.5	6	400	500	50424000
-0.5	10	800	5	53470000
-0.7	6	400	5	52376000
-0.7	6	400	3	52464000
-0.5	10	800	3	54160000
-0.7	6	400	1	52330000
-0.5	10	800	1	52638000
-0.7	6	400	300	51222000
-0.7	10	800	5	53470000
-0.7	6	400	500	50424000
-0.3	6	200	5	52686000
-0.7	10	800	3	54160000
-0.3	6	200	3	52586000
-0.7	10	800	1	52638000
-0.3	6	200	1	52252000
-0.3	6	200	300	51222000
-0.3	10	600	5	53712000
-0.3	6	200	500	50424000
-0.3	10	600	3	54096000
-0.5	6	200	5	52686000
-0.5	6	200	3	52586000
-0.3	10	600	1	52522000
-0.5	6	200	1	52252000
-0.5	10	600	5	53712000
-0.5	6	200	300	51222000
-0.5	6	200	500	50424000
-0.5	10	600	3	54096000
-0.7	6	200	5	52686000
-0.5	10	600	1	52522000
-0.7	6	200	3	52586000
-0.7	6	200	1	52252000
-0.7	10	600	5	53712000
-0.7	6	200	300	51222000
-0.7	10	600	3	54096000
-0.7	6	200	500	50424000
